230,4
230,1
230,3
243,3
10,298
10,82
10,85
10,229
10,307
10,274
10,96
10,263
11,25
11,27
11,4
11,5
8,8
8,16
8,12
254,3
254,2
254,1
254,0
253,3
253,2
253,1
253,0
252,3
252,2
252,1
252,0
251,3
251,2
251,1
251,0
250,3
250,2
250,1
250,0
249,3
249,2
249,1
249,0
248,3
248,2
248,1
248,0
247,3
247,2
247,1
247,0
246,3
246,2
246,1
246,0
245,3
245,2
245,1
245,0
244,3
244,2
244,1
244,0
243,1
243,5
203,4
203,3
203,1
199,3
199,1
191,3
191,1
190,4
190,3
190,1
177,5
177,4
177,3
177,2
177,1
170,3
170,1
166,3
166,1
20,3
20,2
20,1
19,3
19,2
19,1
12,3
12,2
12,1
11,23
11,21
18,1
11,18
11,14
11,12
11,11
11,8
11,3
11,2
18,3
11,1
14,1
10,242
14,3
13,1
10,141
13,3
10,126
10,125
10,116
10,107
10,77
10,22
10,3
10,2
10,1
